width: 1920
height: 1280
recursivity: 2
antialias: false
fov: 60.0
camera:
	x: 0.0
	y: 10.0
	z: -10.0
	angle_x: -30.0
	angle_y: 0.0
	angle_z: 0.0
sphere:
	x: 0.0
	y: 0.0
	z: 0.0
	rotX: 1.000000
	rotY: 1.000000
	rotZ: 1.000000
	radius: 2.0
	ambient: 0.100000
	diffuse: 1.00000
	specular: 1.0
	reflection: 0.000000
	refraction: 0.8000000
plane:
	x: 0.0
	y: 0.0
	z: 0.0
	rotX: 0.0
	rotY: 0.0
	rotZ: 0.0
	ambient: 0.10
	diffuse: 1.000000
	specular: 1.0
	reflection: 0.0000000
light:
	x: 5.000000
	y: 1.000000
	z: -10.000000
	intensity: 1000.00000
