width: 1920
height: 1080
recursivity: 8
antialias: true
diaphragm: 90.00
camera:
	x: 0.0
	y: 0.0
	z: -20.0
	angle_x: 5.0
	angle_y: 5.0
	angle_z: 5.0
sphere:
	x: 5.0
	y: 5.0
	z: 5.0
	rotX: 0.000000
	rotY: 0.000000
	rotZ: 0.000000
	radius: 4.0
	ambient: 0.000000
	diffuse: 1.000000
	specular: .500000
	reflection: 0.000000
	refraction: 0.000000
light:
	x: -15.000000
	y: 5.000000
	z: -15.000000
	intensity: 500.00000
light:
	x: 15.000000
	y: 5.000000
	z: -15.000000
	intensity: 500.00000
cylinder:
	x: -5.0
	y: 0.0
	z: 5.0
	rotX: 20.0
	rotY: 0.0
	rotZ: 45.0
	radius: 2.0
	ambient: 0.0
	diffuse: 1.0
	specular: 1.0
	reflection: 0.0
	refraction: 0.0
	color: 0x00AAAAAA
plane:
	x: 0.0
	y: 0.0
	z: 20.0
	rotX: -45.0
	rotY: 0.0
	rotZ: 0.0
	ambient: 0.0
	diffuse: 1.0
	specular: 0.2
	reflection: 0.5
	refraction: 0.0
	texture: ./textures/test.png
cone:
	x: 5.0
	y: 5.0
	z: 5.0
	rotX: 20.0
	rotY: 0.0
	rotZ: -45.0
	angle: 2.0
	ambient: 0.0
	diffuse: 1.0
	specular: 0.0
	reflection: 0.0
	refraction: 1.33
