width: 1920
height: 1080
recursivity: 8
antialias: true
fov: 90.00
camera:
	x: 0.0
	y: 0.0
	z: -20.0
	angle_x: 0.0
	angle_y: 0.0
	angle_z: 0.0
sphere:
	x: 0.0
	y: 0.0
	z: 5.0
	rotX: 0.000000
	rotY: 0.000000
	rotZ: 0.000000
	radius: 4.0
	ambient: 0.000000
	diffuse: 1.000000
	specular: 2.200000
	reflection: 0.000000
	refraction: 0.0
light:
	x: -15.000000
	y: 5.000000
	z: -15.000000
	intensity: 500.00000
light:
	x: 15.000000
	y: 5.000000
	z: -15.000000
	intensity: 500.00000
cylinder:
	x: -5.0
	y: 0.0
	z: 5.0
	rotX: 20.0
	rotY: 0.0
	rotZ: 45.0
	radius: 2.0
	ambient: 0.0
	diffuse: 1.0
	specular: 1.0
	reflection: 0.0
	refraction: 0.0
	color: 0x00AAAAAA
