width: 1920
height: 1280
recursivity: 0
antialias: false
fov: 110.00
camera:
	x: 0.0
	y: 0.0
	z: -30.0
	angle_x: 0.0
	angle_y: 0.0
	angle_z: 0.0
plane:
	x: 0.0
	y: -2.0
	z: 0.0
	normalX: 0.0
	normalY: -1.0
	normalZ: 0.0
	ambient: 0.0
	diffuse: 1.000000
	specular: 1.0
	reflection: 1.000000
light:
	x: 5.000000
	y: 1.000000
	z: -10.000000
	intensity: 1000.00000
plane:
	x: 0.0
	y: 7.0
	z: 0.0
	normalX: 0.0
	normalY: -1.0
	normalZ: 0.0
	ambient: 0.0
	diffuse: 1.000000
	specular: 1.0
	reflection: 1.000000
sphere:
	x: 5.0
	y: 2.5
	z: 0.0
	radius: 2.0
	ambient: 0.00000
	diffuse: 1.00000
	specular: 1.0
	reflection: 0.7500000
	refraction: 0.000000
cylinder:
	x: 0.0
	y: 0.0
	z: 0.0
	rotX: 0.0
	rotY: 0.0
	rotZ: 0.0
	radius: 2.0
	ambient: 0.0
	diffuse: 1.0
	specular: 1.0
	reflection: 0.50
	refraction: 0.0
