width: 1920
height: 1080
recursivity: 32
antialias: 2
diaphragm: 120.00
camera:
	x: 0.0
	y: 0.0
	z: -20.0
	angle_x: 5.0
	angle_y: 5.0
	angle_z: 5.0
sphere:
	x: 5.0
	y: 5.0
	z: 5.0
	rotX: 1.000000
	rotY: 1.000000
	rotZ: 1.000000
	radius: 4.0
	ambient: 0.000000
	diffuse: 1.000000
	specular: 2.200000
	reflection: 0.000000
	refraction: 0.000000
light:
	x: -15.000000
	y: 5.000000
	z: -5.000000
	intensity: 3500.00000
light:
	x: 15.000000
	y: 5.000000
	z: -5.000000
	intensity: 3500.00000
cylinder:
	x: -5.0
	y: 0.0
	z: 5.0
	rotX: 20.0
	rotY: 0.0
	rotZ: 45.0
	radius: 2.0
	ambient: 0.0
	diffuse: 1.0
	specular: 1.0
	reflection: 0.0
	refraction: 0.0
plane:
	x: -5.0
	y: -5.0
	z: 5.0
	rotX: -90.0
	rotY: 90.0
	rotZ: 20.0
	ambient: 0.01
	diffuse: 1.0
	specular: 0.2
	reflection: 0.5
	refraction: 0.0
cone:
	x: 5.0
	y: 5.0
	z: 5.0
	rotX: 20.0
	rotY: 0.0
	rotZ: -45.0
	angle: 2.0
	ambient: 0.0
	diffuse: 1.0
	specular: 0.0
	reflection: 0.0
	refraction: 1.33
