width: 1920
height: 1080
recursivity: 4
antialias: 2
fov: 90
camera:
	x: 0.0
	y: 0.0
	z: -15.0
	angle_x: 0.0
	angle_y: 0.0
	angle_z: 0.0
sphere:
	x: 5.0
	y: 5.0
	z: 5.0
	radius: 2.0
	ambient: 0.000000
	diffuse: 1.000000
	specular: 2.200000
	reflection: 0.000000
	refraction: 0.000000
light:
	x: -15.000000
	y: 15.000000
	z: -15.000000
	intensity: 5000.00000
light:
	x: 15.000000
	y: 15.000000
	z: -15.000000
	intensity: 5000.00000
cylinder:
	x: -5.0
	y: 0.0
	z: 5.0
	axisX: -1.0
	axisY: 1.0
	axisZ: 1.0
	radius: 2.0
	ambient: 0.0
	diffuse: 1.0
	specular: 1.0
	reflection: 0.0
	refraction: 0.0
plane:
	x: 0.0
	y: -20.0
	z: 20.0
	normalX: 0.0
	normalY: 1.0
	normalZ: 0.5
	ambient: 0.0
	diffuse: 1.0
	specular: 0.2
	reflection: 0
	refraction: 0
	color: 0x00FFFFFF
cone:
	x: 5.0
	y: 5.0
	z: 5.0
	rotX: 20.0
	rotY: 0.0
	rotZ: -30.0
	angle: 15
	ambient: 0.0
	diffuse: 1.0
	specular: 1.0
	reflection: 0
	refraction: 0
