width: 1920
height: 1080
recursivity: 4
antialias: 2
fov: 90.00
camera:
	x: 0.0
	y: 0.0
	z: -30.0
	angle_x: 0.0
	angle_y: 0.0
	angle_z: 0.0
light:
	x: 0.000000
	y: 0.000000
	z: -30
	intensity: 350.00000
plane:
	x: -5.0
	y: -5.0
	z: 10.0
	rotX: 180.0
	rotY: 0.0
	rotZ: 0.0
	ambient: 0.01
	diffuse: 1.0
	specular: 0.2
	reflection: 0.0
	refraction: 0.0
	color: 0x00AAAAAA
